service_id,exception_type,date
10,1,20240502
10,1,20240509
10,2,20240417
100,2,20240426
100,2,20240428
100,2,20240505
103,1,20240414
103,1,20240415
103,1,20240416
103,1,20240417
103,1,20240418
103,1,20240503
104,1,20240502
105,2,20240508
106,2,20240506
106,2,20240507
106,2,20240508
106,2,20240509
107,1,20240414
107,1,20240415
107,1,20240416
107,1,20240417
107,1,20240503
107,1,20240504
108,1,20240508
109,1,20240427
11,1,20240508
110,1,20240427
110,1,20240509
110,1,20240513
111,1,20240424
112,1,20240421
112,1,20240505
112,2,20240427
112,2,20240503
112,2,20240506
113,1,20240417
113,1,20240424
113,2,20240509
115,2,20240503
115,2,20240504
115,2,20240505
115,2,20240506
115,2,20240507
115,2,20240508
115,2,20240509
117,2,20240420
117,2,20240421
119,2,20240503
119,2,20240504
119,2,20240505
12,1,20240424
12,2,20240503
12,2,20240506
12,2,20240507
12,2,20240509
120,2,20240508
121,2,20240426
121,2,20240502
121,2,20240507
123,2,20240422
123,2,20240423
123,2,20240424
123,2,20240425
123,2,20240426
124,2,20240501
124,2,20240504
124,2,20240509
125,1,20240503
125,2,20240513
128,1,20240501
128,1,20240509
129,1,20240509
130,1,20240426
130,1,20240508
131,1,20240415
132,1,20240414
132,1,20240510
132,1,20240511
133,1,20240420
133,1,20240510
133,1,20240511
133,1,20240512
133,1,20240513
133,1,20240514
134,2,20240430
134,2,20240501
134,2,20240502
134,2,20240503
134,2,20240504
136,1,20240502
136,1,20240508
136,2,20240513
137,2,20240505
138,1,20240426
138,1,20240428
138,2,20240509
139,1,20240424
14,1,20240424
141,2,20240427
147,2,20240510
149,1,20240427
149,1,20240509
150,2,20240430
150,2,20240508
151,1,20240509
153,1,20240418
153,1,20240425
153,2,20240429
153,2,20240430
153,2,20240501
153,2,20240503
154,1,20240502
154,2,20240510
155,1,20240511
155,1,20240514
157,1,20240502
157,1,20240503
157,2,20240513
158,1,20240508
159,1,20240501
159,1,20240509
16,2,20240420
16,2,20240421
16,2,20240505
16,2,20240508
161,2,20240421
162,1,20240511
162,1,20240512
162,1,20240513
162,1,20240514
163,2,20240428
164,1,20240501
164,2,20240504
164,2,20240505
166,2,20240501
166,2,20240509
168,1,20240514
168,2,20240501
169,2,20240420
169,2,20240501
170,1,20240420
170,1,20240427
170,1,20240428
170,1,20240430
170,1,20240501
170,1,20240502
170,1,20240503
170,1,20240504
173,1,20240421
173,1,20240510
173,1,20240511
173,1,20240512
175,1,20240418
175,1,20240419
175,1,20240429
175,1,20240430
175,1,20240501
175,1,20240505
176,2,20240504
176,2,20240505
177,1,20240510
178,2,20240427
178,2,20240428
179,1,20240501
18,2,20240428
181,2,20240427
183,1,20240501
184,1,20240421
184,1,20240512
184,1,20240514
184,2,20240425
184,2,20240429
185,1,20240512
186,2,20240427
186,2,20240428
188,1,20240505
189,1,20240428
189,1,20240505
189,2,20240511
19,1,20240418
19,1,20240502
19,2,20240422
19,2,20240423
19,2,20240424
19,2,20240426
193,1,20240425
195,1,20240420
195,1,20240421
195,1,20240511
195,1,20240512
195,2,20240429
195,2,20240430
195,2,20240501
195,2,20240502
195,2,20240506
196,2,20240427
198,2,20240420
2,1,20240427
2,1,20240428
2,1,20240511
2,1,20240512
2,2,20240503
2,2,20240506
200,2,20240509
202,1,20240420
202,1,20240511
202,2,20240502
202,2,20240503
202,2,20240505
202,2,20240506
202,2,20240507
202,2,20240508
204,2,20240509
204,2,20240510
204,2,20240511
204,2,20240512
204,2,20240513
208,1,20240509
21,1,20240414
21,1,20240428
210,1,20240425
210,1,20240502
210,2,20240510
211,1,20240510
211,1,20240511
211,1,20240513
211,1,20240514
213,1,20240418
213,1,20240419
213,1,20240429
213,1,20240430
213,1,20240501
215,1,20240509
216,2,20240501
216,2,20240509
216,2,20240510
216,2,20240511
216,2,20240512
217,2,20240427
217,2,20240428
218,1,20240510
218,1,20240511
218,1,20240514
218,2,20240501
22,1,20240427
22,1,20240428
22,2,20240501
22,2,20240509
22,2,20240510
221,1,20240510
221,1,20240512
222,1,20240420
222,1,20240511
222,1,20240512
223,2,20240511
224,1,20240421
225,2,20240504
225,2,20240505
226,1,20240502
226,2,20240426
226,2,20240430
226,2,20240501
226,2,20240506
227,2,20240426
230,2,20240429
230,2,20240501
231,1,20240420
231,1,20240427
231,2,20240505
231,2,20240510
231,2,20240512
232,2,20240504
233,1,20240424
233,1,20240502
234,2,20240511
236,1,20240509
238,2,20240427
238,2,20240428
238,2,20240501
238,2,20240509
24,1,20240514
24,2,20240501
24,2,20240509
241,2,20240421
242,2,20240501
242,2,20240505
242,2,20240509
243,1,20240501
244,2,20240429
247,1,20240429
247,1,20240503
247,1,20240510
247,1,20240513
247,1,20240514
248,1,20240514
248,2,20240501
249,1,20240501
250,2,20240421
252,1,20240512
252,1,20240513
252,1,20240514
252,2,20240417
252,2,20240422
258,1,20240509
259,1,20240502
26,2,20240509
26,2,20240510
260,1,20240510
260,1,20240511
260,1,20240514
261,1,20240417
261,1,20240418
261,1,20240508
261,1,20240510
261,2,20240423
261,2,20240430
262,1,20240505
262,1,20240512
263,1,20240501
265,2,20240427
266,2,20240511
266,2,20240512
267,1,20240501
267,1,20240509
269,1,20240505
269,1,20240512
269,2,20240418
27,2,20240501
27,2,20240510
27,2,20240511
270,2,20240502
270,2,20240503
270,2,20240505
270,2,20240506
270,2,20240507
270,2,20240508
273,1,20240509
273,2,20240510
275,1,20240421
275,1,20240505
275,2,20240427
277,1,20240421
277,1,20240422
278,1,20240428
279,2,20240511
279,2,20240512
28,1,20240510
281,1,20240424
281,1,20240425
281,1,20240508
281,2,20240416
281,2,20240426
281,2,20240507
282,1,20240511
283,1,20240428
286,1,20240421
286,1,20240505
286,2,20240511
288,1,20240513
289,2,20240501
289,2,20240509
290,1,20240502
290,2,20240503
290,2,20240504
290,2,20240505
290,2,20240506
290,2,20240507
291,1,20240420
291,1,20240509
291,1,20240514
292,1,20240418
293,1,20240501
293,1,20240502
293,1,20240503
293,1,20240504
293,1,20240505
294,1,20240502
294,1,20240503
294,1,20240504
295,2,20240501
295,2,20240509
296,1,20240417
296,1,20240418
296,1,20240502
296,1,20240508
296,2,20240422
296,2,20240423
296,2,20240426
298,2,20240427
299,1,20240417
299,1,20240424
299,2,20240503
299,2,20240504
299,2,20240505
299,2,20240506
299,2,20240507
299,2,20240509
3,1,20240430
30,1,20240501
30,1,20240509
301,2,20240501
301,2,20240504
301,2,20240505
302,2,20240501
302,2,20240504
302,2,20240509
306,2,20240501
307,1,20240505
309,2,20240501
31,1,20240508
311,2,20240423
311,2,20240424
312,2,20240427
313,2,20240430
313,2,20240503
313,2,20240504
313,2,20240505
313,2,20240506
313,2,20240507
313,2,20240508
313,2,20240509
316,2,20240501
316,2,20240504
316,2,20240505
316,2,20240509
317,1,20240509
319,2,20240422
319,2,20240510
321,1,20240503
321,1,20240506
321,1,20240507
321,1,20240508
321,1,20240509
322,2,20240417
322,2,20240418
322,2,20240421
324,1,20240423
326,1,20240501
326,1,20240505
327,2,20240506
328,2,20240424
330,1,20240429
330,1,20240503
331,2,20240427
332,1,20240513
332,1,20240514
333,1,20240427
333,1,20240511
333,2,20240509
335,1,20240420
335,1,20240503
335,1,20240508
335,1,20240509
335,1,20240510
337,2,20240509
337,2,20240510
338,1,20240415
339,1,20240514
342,2,20240510
343,1,20240428
343,1,20240510
344,2,20240505
345,1,20240430
345,1,20240508
346,1,20240430
346,1,20240514
346,2,20240506
347,1,20240427
347,1,20240510
347,1,20240513
347,1,20240514
347,2,20240421
347,2,20240501
349,2,20240422
349,2,20240423
349,2,20240424
349,2,20240425
349,2,20240426
350,1,20240501
350,1,20240502
350,1,20240505
351,1,20240427
351,1,20240428
351,2,20240501
351,2,20240509
351,2,20240510
352,1,20240427
352,1,20240428
352,2,20240501
352,2,20240509
353,2,20240422
353,2,20240501
353,2,20240509
356,1,20240510
356,1,20240511
356,1,20240512
356,1,20240513
356,1,20240514
356,2,20240501
357,2,20240505
357,2,20240512
358,1,20240425
358,1,20240501
358,1,20240509
358,1,20240513
358,1,20240514
36,1,20240429
361,2,20240430
362,2,20240509
362,2,20240510
362,2,20240511
364,2,20240501
366,1,20240424
366,2,20240506
366,2,20240507
366,2,20240509
367,1,20240510
367,1,20240514
367,2,20240501
369,2,20240428
369,2,20240501
37,2,20240501
37,2,20240509
371,1,20240513
371,1,20240514
373,1,20240511
373,1,20240513
373,1,20240514
374,2,20240417
374,2,20240419
375,1,20240427
375,1,20240428
375,1,20240511
375,1,20240512
375,2,20240503
375,2,20240506
375,2,20240507
375,2,20240508
377,1,20240414
377,1,20240419
377,1,20240420
377,2,20240424
377,2,20240425
377,2,20240510
377,2,20240511
378,1,20240503
378,1,20240504
38,1,20240430
380,1,20240512
381,1,20240426
381,1,20240510
381,1,20240511
381,1,20240512
381,1,20240513
381,1,20240514
382,1,20240509
382,2,20240426
382,2,20240427
382,2,20240428
383,1,20240420
383,1,20240421
383,2,20240501
383,2,20240509
383,2,20240510
387,1,20240509
388,1,20240421
388,1,20240512
388,2,20240504
388,2,20240510
39,1,20240414
39,2,20240501
39,2,20240509
390,2,20240421
390,2,20240422
390,2,20240430
390,2,20240501
390,2,20240502
392,1,20240501
392,1,20240512
394,2,20240420
396,1,20240504
396,1,20240505
396,2,20240429
396,2,20240510
399,1,20240421
399,2,20240426
40,2,20240417
402,1,20240510
402,1,20240513
404,1,20240415
404,1,20240416
404,1,20240428
404,1,20240505
404,2,20240510
404,2,20240511
405,1,20240514
408,1,20240424
409,1,20240428
409,1,20240505
409,1,20240509
409,1,20240513
409,1,20240514
409,2,20240420
41,2,20240503
41,2,20240504
41,2,20240505
410,1,20240420
410,1,20240504
410,1,20240509
412,2,20240501
412,2,20240509
413,1,20240503
413,1,20240507
413,1,20240508
413,1,20240513
413,1,20240514
414,2,20240427
414,2,20240428
414,2,20240429
415,1,20240514
418,1,20240420
418,1,20240510
418,1,20240511
418,1,20240512
418,1,20240513
418,1,20240514
423,1,20240504
423,1,20240505
423,2,20240501
423,2,20240509
423,2,20240513
425,1,20240507
425,1,20240508
425,1,20240514
427,2,20240503
429,1,20240427
429,1,20240504
429,2,20240421
429,2,20240510
429,2,20240512
43,2,20240424
43,2,20240503
431,1,20240501
431,1,20240509
431,2,20240420
431,2,20240421
432,2,20240501
432,2,20240509
433,1,20240502
434,1,20240420
434,1,20240428
434,1,20240501
435,1,20240426
44,2,20240427
44,2,20240428
44,2,20240506
44,2,20240512
440,1,20240512
441,1,20240502
444,1,20240420
444,1,20240421
444,1,20240427
444,1,20240428
444,2,20240501
444,2,20240509
445,2,20240501
445,2,20240509
446,1,20240424
447,1,20240424
450,1,20240420
450,1,20240510
454,1,20240509
455,1,20240420
455,1,20240421
455,1,20240511
455,1,20240512
455,2,20240501
455,2,20240509
458,1,20240424
458,1,20240501
458,2,20240430
458,2,20240503
458,2,20240504
459,2,20240506
459,2,20240507
459,2,20240508
46,1,20240510
46,1,20240513
46,1,20240514
46,2,20240422
46,2,20240423
46,2,20240501
460,2,20240505
463,2,20240501
463,2,20240506
463,2,20240507
463,2,20240509
464,1,20240509
468,1,20240501
468,1,20240505
468,1,20240509
469,1,20240426
47,2,20240509
476,2,20240420
476,2,20240421
476,2,20240422
476,2,20240423
477,1,20240427
477,1,20240507
477,1,20240508
477,1,20240514
477,2,20240421
477,2,20240422
478,1,20240420
478,1,20240430
479,1,20240420
479,1,20240511
482,1,20240414
482,1,20240504
482,1,20240505
483,1,20240429
483,1,20240430
484,1,20240420
484,1,20240503
484,1,20240504
486,2,20240506
487,1,20240428
488,1,20240501
489,1,20240514
489,2,20240421
489,2,20240422
490,1,20240421
490,1,20240428
490,2,20240511
491,1,20240508
492,1,20240424
492,2,20240504
492,2,20240505
492,2,20240506
492,2,20240507
492,2,20240509
494,2,20240427
494,2,20240501
494,2,20240509
495,1,20240424
495,2,20240509
498,2,20240501
498,2,20240509
5,1,20240501
5,1,20240509
50,2,20240508
50,2,20240510
501,1,20240414
501,1,20240428
502,2,20240420
502,2,20240421
505,1,20240419
505,1,20240512
506,1,20240414
506,1,20240420
506,1,20240424
506,1,20240425
506,1,20240502
506,1,20240508
507,1,20240420
507,1,20240421
507,1,20240510
507,1,20240511
507,1,20240512
507,1,20240513
507,1,20240514
507,2,20240422
507,2,20240501
508,1,20240420
508,1,20240510
508,1,20240511
508,1,20240512
508,1,20240513
508,1,20240514
508,2,20240428
508,2,20240501
509,1,20240507
510,2,20240501
510,2,20240509
510,2,20240510
510,2,20240513
511,1,20240509
514,1,20240427
516,1,20240514
517,1,20240504
517,2,20240501
517,2,20240509
518,2,20240418
519,2,20240418
52,1,20240414
52,1,20240511
521,1,20240420
521,1,20240505
523,1,20240417
523,1,20240424
523,2,20240507
523,2,20240509
523,2,20240510
527,1,20240427
528,1,20240511
528,2,20240505
53,1,20240417
53,1,20240424
53,2,20240507
53,2,20240509
53,2,20240510
530,2,20240427
531,1,20240418
531,1,20240419
531,1,20240509
531,1,20240510
531,2,20240428
531,2,20240429
531,2,20240430
531,2,20240501
533,1,20240509
535,1,20240427
535,2,20240421
536,1,20240501
536,1,20240509
538,2,20240430
538,2,20240501
538,2,20240502
538,2,20240505
539,1,20240427
539,1,20240510
539,1,20240511
539,1,20240513
539,1,20240514
539,2,20240501
540,2,20240501
540,2,20240509
541,1,20240414
541,1,20240513
544,1,20240419
544,1,20240430
544,1,20240508
544,2,20240507
547,2,20240506
547,2,20240507
547,2,20240508
549,2,20240422
549,2,20240423
549,2,20240424
551,1,20240509
551,2,20240427
553,2,20240420
553,2,20240421
554,1,20240417
554,2,20240422
554,2,20240423
556,1,20240417
556,1,20240424
556,2,20240503
556,2,20240504
556,2,20240506
556,2,20240507
556,2,20240509
558,1,20240428
56,1,20240430
56,1,20240508
56,2,20240510
563,1,20240508
564,2,20240504
566,1,20240419
566,1,20240509
566,2,20240504
566,2,20240505
568,2,20240426
568,2,20240428
568,2,20240429
57,1,20240505
57,1,20240512
570,2,20240501
570,2,20240509
572,1,20240509
572,2,20240505
574,1,20240504
574,1,20240505
574,1,20240509
575,2,20240425
576,2,20240505
577,2,20240509
577,2,20240510
578,1,20240510
578,1,20240513
578,1,20240514
579,1,20240501
579,2,20240504
58,2,20240501
58,2,20240509
58,2,20240510
58,2,20240513
580,1,20240501
580,1,20240509
581,1,20240507
581,1,20240508
582,1,20240414
582,2,20240501
582,2,20240509
583,1,20240424
583,1,20240425
583,1,20240502
583,1,20240508
584,2,20240501
584,2,20240509
585,2,20240501
586,2,20240418
588,1,20240510
588,1,20240514
591,2,20240420
591,2,20240421
591,2,20240422
592,1,20240514
592,2,20240501
593,1,20240504
593,1,20240505
593,1,20240511
593,1,20240512
593,2,20240510
595,1,20240501
595,1,20240509
596,2,20240509
598,1,20240420
598,1,20240421
598,1,20240510
598,1,20240511
598,1,20240512
598,1,20240513
598,1,20240514
6,1,20240509
601,2,20240508
602,1,20240501
602,1,20240509
604,1,20240506
604,1,20240507
604,1,20240510
606,2,20240428
606,2,20240510
607,2,20240427
607,2,20240428
607,2,20240501
607,2,20240509
609,2,20240501
609,2,20240509
61,1,20240414
61,1,20240419
61,1,20240420
610,1,20240421
610,1,20240512
611,1,20240418
611,1,20240505
611,1,20240506
611,1,20240507
611,1,20240508
611,1,20240509
612,1,20240509
615,1,20240417
615,1,20240424
615,2,20240509
615,2,20240510
616,2,20240504
616,2,20240505
618,2,20240427
618,2,20240428
618,2,20240501
618,2,20240509
62,1,20240427
620,1,20240421
621,2,20240421
621,2,20240505
623,1,20240426
623,1,20240503
623,2,20240509
624,1,20240414
624,1,20240420
624,2,20240506
624,2,20240507
624,2,20240510
625,1,20240504
626,1,20240428
626,1,20240512
626,2,20240420
627,2,20240417
628,1,20240503
628,2,20240509
630,2,20240506
630,2,20240507
630,2,20240508
631,1,20240502
632,1,20240420
632,1,20240504
632,2,20240512
634,1,20240509
635,1,20240427
635,1,20240428
635,1,20240510
635,1,20240513
635,1,20240514
635,2,20240501
636,2,20240501
636,2,20240505
639,1,20240508
64,2,20240428
640,1,20240502
640,2,20240510
641,1,20240421
641,2,20240504
643,1,20240421
643,1,20240428
643,1,20240505
643,1,20240512
645,2,20240506
645,2,20240507
645,2,20240508
645,2,20240509
646,2,20240510
647,2,20240501
647,2,20240509
648,2,20240421
65,1,20240428
651,1,20240504
651,1,20240508
652,1,20240427
652,1,20240428
652,1,20240510
652,1,20240511
652,1,20240512
652,1,20240513
652,1,20240514
654,1,20240424
656,1,20240417
656,1,20240424
656,1,20240510
656,2,20240509
657,1,20240420
657,1,20240511
658,1,20240426
658,1,20240427
658,1,20240428
658,2,20240509
66,1,20240424
66,1,20240508
66,1,20240514
66,2,20240504
66,2,20240505
661,1,20240501
666,2,20240427
668,1,20240504
668,2,20240501
669,2,20240430
669,2,20240508
670,2,20240508
670,2,20240511
672,1,20240420
672,1,20240427
675,2,20240501
678,1,20240420
678,1,20240510
678,1,20240511
678,1,20240513
678,1,20240514
679,1,20240415
679,1,20240427
679,2,20240421
68,1,20240430
68,1,20240508
680,2,20240420
681,1,20240417
681,1,20240429
681,1,20240430
682,1,20240514
683,1,20240501
683,1,20240509
685,2,20240501
685,2,20240509
686,1,20240426
686,1,20240510
686,1,20240514
686,2,20240504
686,2,20240505
686,2,20240506
686,2,20240507
686,2,20240508
686,2,20240509
69,1,20240513
69,1,20240514
692,1,20240421
692,1,20240430
692,1,20240502
694,2,20240510
695,2,20240501
695,2,20240509
696,2,20240501
696,2,20240506
696,2,20240507
696,2,20240509
698,1,20240427
70,1,20240427
70,1,20240504
70,2,20240421
70,2,20240506
70,2,20240507
70,2,20240508
70,2,20240510
700,2,20240501
700,2,20240509
700,2,20240510
700,2,20240511
700,2,20240512
700,2,20240513
701,2,20240510
701,2,20240513
702,1,20240501
706,1,20240417
706,1,20240424
706,1,20240510
706,2,20240509
708,1,20240510
708,1,20240514
708,2,20240501
709,1,20240414
709,1,20240514
710,1,20240418
710,1,20240419
710,1,20240420
710,1,20240509
710,1,20240510
710,1,20240511
710,2,20240428
710,2,20240429
710,2,20240430
710,2,20240501
711,1,20240508
711,2,20240510
713,2,20240428
714,2,20240427
717,1,20240508
718,1,20240429
718,1,20240430
719,2,20240504
719,2,20240505
719,2,20240506
72,1,20240418
72,1,20240505
72,1,20240506
72,1,20240507
72,1,20240509
721,2,20240427
721,2,20240428
722,2,20240501
722,2,20240509
724,2,20240503
729,1,20240427
729,2,20240421
732,1,20240508
733,2,20240416
733,2,20240501
733,2,20240509
734,2,20240423
735,1,20240506
736,1,20240501
736,2,20240504
736,2,20240505
738,1,20240424
738,2,20240429
738,2,20240430
738,2,20240509
74,1,20240510
74,2,20240508
740,1,20240418
740,1,20240419
740,1,20240420
740,1,20240421
740,1,20240429
740,1,20240430
740,1,20240502
740,1,20240508
741,1,20240511
741,1,20240513
741,1,20240514
742,1,20240513
743,1,20240418
743,1,20240423
743,1,20240424
743,1,20240502
743,1,20240508
743,1,20240514
743,2,20240415
743,2,20240426
743,2,20240504
743,2,20240505
743,2,20240506
744,2,20240501
745,1,20240511
745,1,20240512
753,1,20240502
753,1,20240503
753,1,20240508
753,2,20240513
754,1,20240417
754,1,20240424
754,1,20240510
754,2,20240509
756,1,20240510
756,1,20240512
756,1,20240513
756,1,20240514
757,1,20240424
758,1,20240414
758,1,20240421
758,2,20240427
759,1,20240414
759,1,20240424
76,2,20240509
760,1,20240414
760,1,20240420
760,1,20240504
760,1,20240505
764,2,20240423
764,2,20240424
764,2,20240503
765,1,20240502
765,1,20240514
766,1,20240427
767,1,20240420
767,1,20240422
767,1,20240513
767,1,20240514
767,2,20240425
77,1,20240506
770,1,20240414
770,1,20240427
770,1,20240428
770,2,20240509
770,2,20240510
771,1,20240418
771,1,20240419
772,1,20240512
773,1,20240419
773,1,20240420
773,1,20240424
773,1,20240426
773,1,20240427
773,2,20240430
773,2,20240509
774,1,20240426
774,1,20240427
774,1,20240514
774,2,20240421
778,1,20240502
778,1,20240503
778,1,20240504
778,1,20240514
779,2,20240501
78,1,20240504
78,1,20240505
780,2,20240427
780,2,20240428
780,2,20240512
781,2,20240427
782,1,20240502
782,1,20240508
783,1,20240414
783,1,20240502
783,1,20240503
783,1,20240504
784,2,20240422
784,2,20240423
784,2,20240424
784,2,20240509
786,1,20240510
786,1,20240511
786,1,20240512
786,1,20240513
786,1,20240514
787,2,20240509
788,1,20240501
789,1,20240502
790,1,20240511
790,1,20240512
790,1,20240513
790,1,20240514
790,2,20240417
790,2,20240422
791,1,20240420
791,1,20240504
791,2,20240501
791,2,20240509
791,2,20240510
792,1,20240510
792,1,20240513
792,1,20240514
793,2,20240421
794,1,20240425
794,1,20240426
795,1,20240502
795,1,20240508
797,2,20240501
797,2,20240509
797,2,20240513
798,1,20240420
798,2,20240428
799,1,20240424
8,1,20240426
8,1,20240513
8,1,20240514
800,2,20240418
800,2,20240423
802,2,20240428
803,1,20240510
804,1,20240414
804,1,20240420
804,1,20240421
811,2,20240501
811,2,20240505
811,2,20240509
812,2,20240421
814,1,20240505
814,2,20240509
815,1,20240510
815,1,20240511
815,1,20240512
815,1,20240513
815,1,20240514
816,2,20240420
817,1,20240414
818,1,20240417
818,1,20240426
818,1,20240427
818,1,20240428
818,1,20240429
818,1,20240430
819,2,20240426
819,2,20240427
819,2,20240428
82,2,20240510
820,2,20240427
820,2,20240501
820,2,20240509
822,1,20240503
822,1,20240504
822,1,20240508
822,1,20240509
823,1,20240417
823,1,20240424
823,2,20240506
823,2,20240507
823,2,20240509
824,2,20240501
825,1,20240508
825,2,20240510
827,1,20240414
827,1,20240512
827,1,20240513
828,1,20240419
828,1,20240420
828,1,20240421
828,1,20240428
828,1,20240505
828,1,20240509
830,1,20240418
830,1,20240419
830,1,20240429
830,1,20240430
830,1,20240502
830,2,20240507
832,1,20240428
832,2,20240503
833,2,20240422
833,2,20240423
834,2,20240430
835,2,20240510
835,2,20240511
835,2,20240512
836,2,20240420
836,2,20240501
836,2,20240509
838,1,20240510
838,2,20240501
838,2,20240509
84,1,20240424
84,2,20240506
84,2,20240507
842,2,20240501
846,1,20240512
847,1,20240427
847,1,20240511
847,2,20240505
848,1,20240508
850,1,20240514
851,2,20240501
851,2,20240509
851,2,20240510
852,1,20240509
853,1,20240427
853,1,20240501
853,1,20240507
853,2,20240422
853,2,20240425
855,1,20240430
855,1,20240511
855,1,20240512
856,2,20240427
856,2,20240428
857,1,20240415
857,1,20240422
859,1,20240503
859,1,20240507
859,1,20240508
859,1,20240509
860,1,20240421
861,1,20240424
861,1,20240509
861,2,20240425
861,2,20240426
866,1,20240503
87,1,20240414
870,1,20240415
870,1,20240427
870,1,20240514
870,2,20240421
870,2,20240424
870,2,20240425
870,2,20240430
872,2,20240430
872,2,20240508
872,2,20240509
874,1,20240419
874,1,20240420
874,1,20240510
874,1,20240511
874,1,20240512
874,1,20240513
874,1,20240514
875,1,20240512
875,2,20240503
876,2,20240509
878,2,20240418
881,1,20240414
881,1,20240421
883,1,20240418
883,1,20240419
883,1,20240429
883,1,20240430
883,1,20240502
883,1,20240508
884,1,20240509
884,2,20240427
887,1,20240512
887,1,20240513
887,1,20240514
888,1,20240429
888,1,20240502
888,1,20240510
888,1,20240511
888,1,20240513
888,1,20240514
891,1,20240417
891,1,20240424
891,2,20240503
891,2,20240504
891,2,20240505
891,2,20240506
891,2,20240507
891,2,20240509
892,1,20240510
892,1,20240513
892,1,20240514
892,2,20240501
893,1,20240425
894,2,20240420
894,2,20240421
894,2,20240505
895,1,20240426
895,1,20240507
896,1,20240514
896,2,20240512
897,2,20240511
897,2,20240512
899,2,20240501
899,2,20240509
899,2,20240510
9,2,20240429
900,1,20240502
904,1,20240510
904,1,20240511
904,1,20240512
904,1,20240513
904,1,20240514
904,2,20240428
904,2,20240501
905,2,20240428
905,2,20240510
906,1,20240418
906,1,20240502
906,1,20240508
906,2,20240422
906,2,20240423
906,2,20240426
907,2,20240505
909,2,20240501
91,1,20240510
91,1,20240513
91,1,20240514
91,2,20240501
911,2,20240427
911,2,20240428
912,1,20240429
913,1,20240414
913,1,20240424
914,1,20240419
914,1,20240430
915,2,20240420
920,1,20240509
920,1,20240510
921,1,20240428
923,1,20240509
925,1,20240418
925,1,20240425
925,1,20240511
925,2,20240429
925,2,20240430
925,2,20240501
925,2,20240506
926,1,20240423
926,1,20240508
926,1,20240510
926,2,20240427
927,1,20240424
927,1,20240514
929,1,20240510
929,1,20240511
929,1,20240512
929,1,20240513
929,1,20240514
929,2,20240501
931,2,20240501
931,2,20240504
931,2,20240505
931,2,20240509
933,1,20240427
936,1,20240512
937,1,20240425
937,1,20240502
937,2,20240501
938,1,20240420
938,1,20240427
938,2,20240505
938,2,20240509
938,2,20240512
938,2,20240513
940,1,20240423
941,1,20240509
944,2,20240422
944,2,20240423
945,1,20240428
945,2,20240420
948,1,20240420
948,1,20240510
949,2,20240419
949,2,20240420
949,2,20240421
949,2,20240422
95,2,20240427
95,2,20240428
951,2,20240501
952,2,20240506
952,2,20240507
952,2,20240508
954,1,20240422
956,1,20240426
956,1,20240427
956,1,20240428
956,1,20240503
956,1,20240504
956,1,20240505
958,2,20240420
961,1,20240501
961,1,20240509
97,1,20240501
97,1,20240502
97,1,20240506
97,1,20240514
98,2,20240428
99,2,20240501
99,2,20240509
