monday,tuesday,wednesday,thursday,friday,saturday,sunday,start_date,end_date,service_id
0,0,0,0,0,0,1,20240414,20240414,145
0,0,0,0,0,0,1,20240414,20240421,222
0,0,0,0,0,0,1,20240414,20240421,772
0,0,0,0,0,0,1,20240414,20240424,33
0,0,0,0,0,0,1,20240414,20240428,161
0,0,0,0,0,0,1,20240414,20240428,729
0,0,0,0,0,0,1,20240414,20240501,661
0,0,0,0,0,0,1,20240414,20240503,85
0,0,0,0,0,0,1,20240414,20240505,535
0,0,0,0,0,0,1,20240414,20240509,852
0,0,0,0,0,0,1,20240414,20240512,344
0,0,0,0,0,0,1,20240414,20240512,580
0,0,0,0,0,0,1,20240414,20240512,621
0,0,0,0,0,0,1,20240414,20240512,634
0,0,0,0,0,0,1,20240414,20240512,655
0,0,0,0,0,0,1,20240414,20240512,713
0,0,0,0,0,0,1,20240414,20240512,812
0,0,0,0,0,0,1,20240419,20240421,505
0,0,0,0,0,0,1,20240420,20240505,798
0,0,0,0,0,0,1,20240420,20240512,410
0,0,0,0,0,0,1,20240421,20240503,557
0,0,0,0,0,0,1,20240421,20240505,461
0,0,0,0,0,0,1,20240421,20240505,98
0,0,0,0,0,0,1,20240421,20240509,267
0,0,0,0,0,0,1,20240421,20240509,6
0,0,0,0,0,0,1,20240421,20240512,128
0,0,0,0,0,0,1,20240421,20240512,144
0,0,0,0,0,0,1,20240421,20240512,163
0,0,0,0,0,0,1,20240421,20240512,572
0,0,0,0,0,0,1,20240421,20240512,907
0,0,0,0,0,0,1,20240426,20240508,130
0,0,0,0,0,0,1,20240428,20240505,737
0,0,0,0,0,0,1,20240428,20240512,528
0,0,0,0,0,0,1,20240428,20240512,563
0,0,0,0,0,0,1,20240428,20240512,868
0,0,0,0,0,0,1,20240505,20240512,384
0,0,0,0,0,0,1,20240505,20240512,87
0,0,0,0,0,1,0,20240414,20240420,560
0,0,0,0,0,1,0,20240414,20240502,20
0,0,0,0,0,1,0,20240414,20240504,885
0,0,0,0,0,1,0,20240420,20240428,487
0,0,0,0,0,1,0,20240420,20240504,141
0,0,0,0,0,1,0,20240420,20240509,129
0,0,0,0,0,1,0,20240420,20240510,920
0,0,0,0,0,1,0,20240420,20240511,232
0,0,0,0,0,1,0,20240420,20240511,317
0,0,0,0,0,1,0,20240420,20240511,48
0,0,0,0,0,1,0,20240420,20240511,488
0,0,0,0,0,1,0,20240420,20240511,602
0,0,0,0,0,1,0,20240420,20240511,714
0,0,0,0,0,1,0,20240427,20240504,465
0,0,0,0,0,1,0,20240427,20240511,280
0,0,0,0,0,1,0,20240427,20240511,564
0,0,0,0,0,1,0,20240427,20240512,221
0,0,0,0,0,1,0,20240502,20240514,765
0,0,0,0,0,1,0,20240504,20240511,854
0,0,0,0,0,1,1,20240414,20240426,690
0,0,0,0,0,1,1,20240414,20240428,329
0,0,0,0,0,1,1,20240414,20240501,179
0,0,0,0,0,1,1,20240414,20240505,117
0,0,0,0,0,1,1,20240414,20240505,276
0,0,0,0,0,1,1,20240414,20240511,137
0,0,0,0,0,1,1,20240414,20240511,178
0,0,0,0,0,1,1,20240414,20240511,616
0,0,0,0,0,1,1,20240414,20240512,164
0,0,0,0,0,1,1,20240414,20240512,176
0,0,0,0,0,1,1,20240414,20240512,28
0,0,0,0,0,1,1,20240414,20240512,318
0,0,0,0,0,1,1,20240414,20240512,431
0,0,0,0,0,1,1,20240414,20240512,551
0,0,0,0,0,1,1,20240414,20240512,721
0,0,0,0,0,1,1,20240414,20240512,961
0,0,0,0,0,1,1,20240418,20240512,771
0,0,0,0,0,1,1,20240419,20240512,566
0,0,0,0,0,1,1,20240420,20240421,246
0,0,0,0,0,1,1,20240420,20240428,440
0,0,0,0,0,1,1,20240420,20240428,448
0,0,0,0,0,1,1,20240420,20240505,181
0,0,0,0,0,1,1,20240420,20240505,183
0,0,0,0,0,1,1,20240420,20240505,29
0,0,0,0,0,1,1,20240420,20240505,911
0,0,0,0,0,1,1,20240420,20240509,595
0,0,0,0,0,1,1,20240420,20240512,225
0,0,0,0,0,1,1,20240420,20240512,30
0,0,0,0,0,1,1,20240420,20240512,387
0,0,0,0,0,1,1,20240420,20240512,867
0,0,0,0,0,1,1,20240420,20240512,884
0,0,0,0,0,1,1,20240420,20240512,95
0,0,0,0,0,1,1,20240420,20240513,402
0,0,0,0,0,1,1,20240421,20240505,354
0,0,0,0,0,1,1,20240421,20240511,926
0,0,0,0,0,1,1,20240421,20240512,579
0,0,0,0,0,1,1,20240427,20240428,17
0,0,0,0,0,1,1,20240427,20240505,665
0,0,0,0,0,1,1,20240427,20240512,462
0,0,0,0,0,1,1,20240427,20240512,536
0,0,0,0,0,1,1,20240427,20240512,612
0,0,0,0,0,1,1,20240427,20240512,736
0,0,0,0,0,1,1,20240428,20240504,707
0,0,0,0,0,1,1,20240428,20240512,310
0,0,0,0,0,1,1,20240501,20240512,159
0,0,0,0,0,1,1,20240504,20240505,348
0,0,0,0,0,1,1,20240504,20240512,67
0,0,0,0,0,1,1,20240505,20240512,860
0,0,0,0,0,1,1,20240511,20240512,323
0,0,0,0,1,0,0,20240414,20240426,703
0,0,0,0,1,0,0,20240414,20240503,653
0,0,0,0,1,0,0,20240414,20240510,192
0,0,0,0,1,0,0,20240419,20240427,698
0,0,0,0,1,0,0,20240419,20240503,399
0,0,0,0,1,0,0,20240419,20240503,62
0,0,0,0,1,0,0,20240419,20240508,31
0,0,0,0,1,0,0,20240419,20240510,514
0,0,0,0,1,0,0,20240419,20240510,717
0,0,0,0,1,0,0,20240419,20240510,724
0,0,0,0,1,0,0,20240419,20240510,832
0,0,0,0,1,0,0,20240426,20240503,268
0,0,0,0,1,0,0,20240426,20240508,639
0,0,0,0,1,0,0,20240426,20240510,427
0,0,0,0,1,0,0,20240426,20240510,71
0,0,0,0,1,0,0,20240426,20240512,875
0,0,0,0,1,0,1,20240414,20240508,11
0,0,0,0,1,0,1,20240414,20240512,100
0,0,0,0,1,0,1,20240414,20240512,342
0,0,0,0,1,0,1,20240414,20240512,711
0,0,0,0,1,0,1,20240414,20240512,848
0,0,0,0,1,0,1,20240419,20240421,359
0,0,0,0,1,0,1,20240419,20240428,766
0,0,0,0,1,0,1,20240419,20240512,147
0,0,0,0,1,0,1,20240426,20240505,437
0,0,0,0,1,0,1,20240426,20240512,683
0,0,0,0,1,0,1,20240426,20240512,825
0,0,0,0,1,0,1,20240510,20240512,526
0,0,0,0,1,1,0,20240414,20240419,466
0,0,0,0,1,1,0,20240414,20240420,300
0,0,0,0,1,1,0,20240419,20240421,173
0,0,0,0,1,1,0,20240419,20240427,775
0,0,0,0,1,1,0,20240419,20240428,343
0,0,0,0,1,1,0,20240419,20240511,258
0,0,0,0,1,1,0,20240426,20240427,407
0,0,0,0,1,1,0,20240426,20240428,21
0,0,0,0,1,1,0,20240427,20240504,420
0,0,0,0,1,1,0,20240430,20240511,68
0,0,0,0,1,1,0,20240504,20240511,749
0,0,0,0,1,1,0,20240510,20240511,608
0,0,0,0,1,1,0,20240510,20240513,827
0,0,0,0,1,1,0,20240510,20240514,8
0,0,0,0,1,1,1,20240414,20240512,151
0,0,0,0,1,1,1,20240414,20240512,382
0,0,0,0,1,1,1,20240414,20240512,898
0,0,0,0,1,1,1,20240419,20240421,529
0,0,0,0,1,1,1,20240419,20240505,637
0,0,0,0,1,1,1,20240419,20240509,511
0,0,0,0,1,1,1,20240419,20240512,119
0,0,0,0,1,1,1,20240419,20240512,273
0,0,0,0,1,1,1,20240419,20240512,75
0,0,0,0,1,1,1,20240419,20240512,923
0,0,0,0,1,1,1,20240420,20240512,41
0,0,0,0,1,1,1,20240420,20240512,533
0,0,0,0,1,1,1,20240426,20240428,436
0,0,0,0,1,1,1,20240426,20240512,223
0,0,0,0,1,1,1,20240427,20240505,214
0,0,0,0,1,1,1,20240503,20240505,939
0,0,0,0,1,1,1,20240504,20240510,761
0,0,0,0,1,1,1,20240505,20240512,32
0,0,0,0,1,1,1,20240510,20240512,809
0,0,0,1,0,0,0,20240418,20240507,303
0,0,0,1,0,0,0,20240424,20240502,428
0,0,0,1,0,0,0,20240426,20240507,274
0,0,0,1,0,0,0,20240426,20240507,895
0,0,0,1,0,0,1,20240505,20240509,220
0,0,0,1,0,0,1,20240505,20240512,806
0,0,0,1,0,0,1,20240509,20240512,197
0,0,0,1,0,0,1,20240509,20240512,326
0,0,0,1,0,1,0,20240420,20240425,796
0,0,0,1,0,1,0,20240504,20240509,769
0,0,0,1,0,1,0,20240509,20240512,392
0,0,0,1,0,1,1,20240504,20240509,917
0,0,0,1,0,1,1,20240509,20240512,840
0,0,0,1,1,0,0,20240418,20240419,718
0,0,0,1,1,0,0,20240418,20240502,411
0,0,0,1,1,0,0,20240425,20240426,503
0,0,0,1,1,0,0,20240425,20240426,735
0,0,0,1,1,0,0,20240503,20240509,650
0,0,0,1,1,0,0,20240509,20240510,340
0,0,0,1,1,1,0,20240414,20240419,341
0,0,0,1,1,1,0,20240420,20240511,451
0,0,0,1,1,1,0,20240504,20240510,889
0,0,0,1,1,1,0,20240504,20240512,185
0,0,0,1,1,1,0,20240509,20240511,817
0,0,0,1,1,1,0,20240509,20240511,90
0,0,0,1,1,1,1,20240503,20240509,314
0,0,0,1,1,1,1,20240509,20240512,727
0,0,0,1,1,1,1,20240510,20240512,828
0,0,1,0,0,0,0,20240424,20240501,142
0,0,1,0,0,0,1,20240428,20240501,256
0,0,1,0,0,1,0,20240417,20240511,941
0,0,1,0,0,1,0,20240501,20240504,236
0,0,1,0,0,1,0,20240504,20240508,443
0,0,1,0,0,1,0,20240508,20240511,776
0,0,1,0,0,1,1,20240427,20240501,54
0,0,1,0,0,1,1,20240501,20240505,515
0,0,1,0,0,1,1,20240504,20240514,896
0,0,1,0,1,0,0,20240424,20240426,801
0,0,1,0,1,0,0,20240501,20240503,525
0,0,1,0,1,0,0,20240508,20240510,748
0,0,1,0,1,0,1,20240503,20240508,512
0,0,1,0,1,1,0,20240503,20240508,908
0,0,1,0,1,1,0,20240503,20240511,205
0,0,1,1,0,0,0,20240415,20240425,338
0,0,1,1,0,0,0,20240421,20240502,277
0,0,1,1,0,0,0,20240424,20240425,942
0,0,1,1,0,0,0,20240501,20240502,792
0,0,1,1,0,0,0,20240501,20240502,957
0,0,1,1,0,0,1,20240414,20240418,148
0,0,1,1,0,0,1,20240417,20240421,805
0,0,1,1,0,0,1,20240428,20240502,208
0,0,1,1,0,1,0,20240427,20240429,542
0,0,1,1,0,1,0,20240427,20240502,395
0,0,1,1,1,0,0,20240414,20240417,946
0,0,1,1,1,0,0,20240414,20240419,239
0,0,1,1,1,0,0,20240417,20240419,581
0,0,1,1,1,0,0,20240417,20240510,432
0,0,1,1,1,0,0,20240424,20240426,831
0,0,1,1,1,0,0,20240425,20240501,63
0,0,1,1,1,0,0,20240503,20240509,42
0,0,1,1,1,0,1,20240421,20240426,336
0,0,1,1,1,1,0,20240414,20240418,750
0,0,1,1,1,1,0,20240503,20240504,667
0,0,1,1,1,1,1,20240417,20240421,821
0,0,1,1,1,1,1,20240427,20240505,405
0,0,1,1,1,1,1,20240508,20240512,622
0,1,0,0,0,0,0,20240414,20240416,421
0,1,0,0,0,0,0,20240420,20240423,479
0,1,0,0,0,0,1,20240428,20240430,228
0,1,0,0,0,0,1,20240512,20240514,496
0,1,0,0,0,1,1,20240511,20240514,13
0,1,0,0,1,0,0,20240426,20240430,172
0,1,0,0,1,0,0,20240503,20240508,544
0,1,0,0,1,0,0,20240510,20240514,619
0,1,0,0,1,1,0,20240430,20240504,1
0,1,0,0,1,1,0,20240430,20240504,158
0,1,0,0,1,1,0,20240510,20240514,174
0,1,0,0,1,1,1,20240503,20240507,777
0,1,0,0,1,1,1,20240510,20240514,86
0,1,0,1,0,0,0,20240423,20240425,697
0,1,0,1,0,0,0,20240502,20240507,947
0,1,0,1,0,0,0,20240507,20240509,449
0,1,0,1,0,0,0,20240509,20240514,471
0,1,0,1,1,0,0,20240423,20240503,139
0,1,0,1,1,0,0,20240425,20240508,651
0,1,0,1,1,1,1,20240509,20240514,92
0,1,1,0,0,0,0,20240414,20240417,101
0,1,1,0,0,0,0,20240416,20240508,417
0,1,1,0,0,0,0,20240417,20240423,705
0,1,1,0,0,0,0,20240423,20240424,932
0,1,1,0,0,0,0,20240430,20240501,603
0,1,1,0,0,0,0,20240507,20240508,165
0,1,1,0,0,1,0,20240504,20240508,755
0,1,1,0,0,1,0,20240508,20240514,918
0,1,1,0,1,0,0,20240426,20240514,640
0,1,1,0,1,0,0,20240503,20240508,810
0,1,1,0,1,0,0,20240503,20240510,763
0,1,1,1,0,0,0,20240414,20240418,199
0,1,1,1,0,0,0,20240416,20240418,97
0,1,1,1,0,0,0,20240417,20240502,767
0,1,1,1,0,0,0,20240423,20240425,752
0,1,1,1,0,0,0,20240429,20240514,330
0,1,1,1,0,0,0,20240507,20240509,532
0,1,1,1,0,0,0,20240508,20240514,546
0,1,1,1,1,0,0,20240414,20240419,481
0,1,1,1,1,0,0,20240415,20240426,131
0,1,1,1,1,0,0,20240416,20240424,308
0,1,1,1,1,0,0,20240416,20240426,588
0,1,1,1,1,0,0,20240416,20240508,779
0,1,1,1,1,0,0,20240418,20240514,306
0,1,1,1,1,0,0,20240430,20240508,953
0,1,1,1,1,0,0,20240503,20240509,837
0,1,1,1,1,0,0,20240507,20240510,305
0,1,1,1,1,0,0,20240507,20240514,93
0,1,1,1,1,0,1,20240414,20240428,679
0,1,1,1,1,0,1,20240414,20240503,870
0,1,1,1,1,0,1,20240414,20240514,206
0,1,1,1,1,1,0,20240416,20240514,388
0,1,1,1,1,1,0,20240416,20240514,412
0,1,1,1,1,1,0,20240416,20240514,577
0,1,1,1,1,1,0,20240416,20240514,862
0,1,1,1,1,1,1,20240414,20240417,229
0,1,1,1,1,1,1,20240414,20240514,857
0,1,1,1,1,1,1,20240416,20240514,905
0,1,1,1,1,1,1,20240418,20240502,552
0,1,1,1,1,1,1,20240420,20240430,912
0,1,1,1,1,1,1,20240503,20240509,871
1,0,0,0,0,0,0,20240414,20240427,251
1,0,0,0,0,0,0,20240415,20240513,327
1,0,0,0,0,0,0,20240415,20240513,788
1,0,0,0,0,0,0,20240415,20240513,813
1,0,0,0,0,0,0,20240416,20240429,499
1,0,0,0,0,0,0,20240418,20240506,550
1,0,0,0,0,0,0,20240422,20240514,346
1,0,0,0,0,0,0,20240422,20240514,415
1,0,0,0,0,0,0,20240429,20240506,924
1,0,0,0,0,0,0,20240429,20240513,890
1,0,0,0,0,0,1,20240414,20240415,921
1,0,0,0,0,0,1,20240415,20240422,94
1,0,0,0,0,0,1,20240415,20240513,802
1,0,0,0,0,0,1,20240421,20240422,545
1,0,0,0,0,0,1,20240428,20240429,135
1,0,0,0,0,0,1,20240505,20240506,118
1,0,0,0,0,0,1,20240506,20240512,565
1,0,0,0,0,0,1,20240512,20240513,620
1,0,0,0,0,0,1,20240512,20240513,902
1,0,0,0,0,1,0,20240504,20240506,520
1,0,0,0,0,1,1,20240414,20240415,886
1,0,0,0,0,1,1,20240420,20240422,843
1,0,0,0,0,1,1,20240427,20240429,716
1,0,0,0,0,1,1,20240504,20240506,548
1,0,0,0,0,1,1,20240511,20240513,143
1,0,0,0,1,0,0,20240414,20240415,587
1,0,0,0,1,0,0,20240419,20240513,56
1,0,0,0,1,0,0,20240422,20240426,480
1,0,0,0,1,0,0,20240503,20240506,674
1,0,0,0,1,0,0,20240510,20240513,102
1,0,0,0,1,0,1,20240426,20240429,555
1,0,0,0,1,0,1,20240510,20240513,590
1,0,0,0,1,1,1,20240414,20240514,743
1,0,0,0,1,1,1,20240419,20240422,543
1,0,0,0,1,1,1,20240426,20240429,684
1,0,0,0,1,1,1,20240510,20240513,35
1,0,0,1,0,0,0,20240415,20240418,284
1,0,0,1,0,0,0,20240429,20240502,739
1,0,0,1,0,0,0,20240506,20240509,513
1,0,0,1,0,0,1,20240415,20240422,599
1,0,0,1,0,0,1,20240418,20240509,853
1,0,0,1,0,0,1,20240509,20240513,453
1,0,0,1,1,0,0,20240509,20240513,829
1,0,0,1,1,0,1,20240414,20240419,594
1,0,0,1,1,1,0,20240503,20240512,846
1,0,0,1,1,1,1,20240420,20240513,715
1,0,0,1,1,1,1,20240509,20240513,257
1,0,1,0,0,0,0,20240414,20240417,127
1,0,1,0,0,0,1,20240417,20240422,400
1,0,1,0,1,0,0,20240503,20240508,424
1,0,1,0,1,0,1,20240428,20240506,759
1,0,1,1,0,0,0,20240415,20240502,184
1,0,1,1,0,0,0,20240422,20240425,873
1,0,1,1,0,0,0,20240422,20240430,38
1,0,1,1,1,0,0,20240422,20240426,372
1,1,0,0,0,0,0,20240414,20240514,152
1,1,0,0,0,0,0,20240415,20240514,261
1,1,0,0,0,0,0,20240415,20240514,583
1,1,0,0,0,0,0,20240422,20240428,524
1,1,0,0,0,0,0,20240422,20240502,233
1,1,0,0,0,0,0,20240422,20240514,84
1,1,0,0,0,0,0,20240429,20240430,644
1,1,0,0,0,0,0,20240429,20240514,104
1,1,0,0,0,0,0,20240429,20240514,108
1,1,0,0,0,0,0,20240429,20240514,753
1,1,0,0,0,0,0,20240430,20240506,916
1,1,0,0,0,0,0,20240430,20240514,293
1,1,0,0,0,0,0,20240501,20240514,350
1,1,0,0,0,0,0,20240506,20240507,691
1,1,0,0,0,0,0,20240513,20240514,858
1,1,0,0,0,0,1,20240414,20240416,385
1,1,0,0,0,0,1,20240428,20240430,368
1,1,0,0,0,0,1,20240429,20240514,822
1,1,0,0,0,0,1,20240512,20240514,132
1,1,0,0,0,0,1,20240512,20240514,397
1,1,0,0,0,0,1,20240512,20240514,52
1,1,0,0,0,1,0,20240511,20240514,642
1,1,0,0,0,1,1,20240511,20240514,201
1,1,0,0,1,0,0,20240415,20240514,296
1,1,0,0,1,0,0,20240429,20240510,795
1,1,0,0,1,0,0,20240429,20240514,136
1,1,0,0,1,0,0,20240502,20240514,830
1,1,0,0,1,0,0,20240502,20240514,883
1,1,0,0,1,0,0,20240510,20240514,959
1,1,0,0,1,0,1,20240426,20240514,441
1,1,0,0,1,0,1,20240510,20240514,81
1,1,0,0,1,1,0,20240415,20240514,281
1,1,0,0,1,1,0,20240429,20240514,506
1,1,0,0,1,1,0,20240503,20240507,500
1,1,0,0,1,1,0,20240510,20240514,844
1,1,0,0,1,1,1,20240418,20240514,906
1,1,0,0,1,1,1,20240426,20240514,290
1,1,0,0,1,1,1,20240426,20240514,782
1,1,0,0,1,1,1,20240502,20240514,740
1,1,0,0,1,1,1,20240503,20240507,430
1,1,0,0,1,1,1,20240510,20240514,389
1,1,0,1,0,0,0,20240414,20240418,849
1,1,0,1,0,0,0,20240415,20240514,113
1,1,0,1,0,0,0,20240415,20240514,754
1,1,0,1,0,0,0,20240418,20240502,408
1,1,0,1,0,0,0,20240418,20240514,738
1,1,0,1,0,0,0,20240422,20240514,495
1,1,0,1,0,0,0,20240429,20240502,649
1,1,0,1,0,0,0,20240429,20240509,263
1,1,0,1,0,0,0,20240429,20240514,243
1,1,0,1,0,0,0,20240506,20240509,534
1,1,0,1,0,0,1,20240418,20240502,654
1,1,0,1,0,0,1,20240418,20240514,773
1,1,0,1,0,0,1,20240502,20240507,561
1,1,0,1,0,1,0,20240415,20240514,656
1,1,0,1,0,1,0,20240427,20240509,249
1,1,0,1,0,1,1,20240415,20240514,706
1,1,0,1,0,1,1,20240509,20240514,730
1,1,0,1,1,0,0,20240414,20240416,677
1,1,0,1,1,0,0,20240414,20240419,401
1,1,0,1,1,0,0,20240415,20240430,554
1,1,0,1,1,0,0,20240415,20240514,366
1,1,0,1,1,0,0,20240418,20240502,799
1,1,0,1,1,0,0,20240422,20240502,446
1,1,0,1,1,0,0,20240422,20240514,12
1,1,0,1,1,0,0,20240429,20240503,425
1,1,0,1,1,0,0,20240429,20240503,762
1,1,0,1,1,0,0,20240429,20240508,491
1,1,0,1,1,0,0,20240502,20240509,213
1,1,0,1,1,0,0,20240503,20240507,569
1,1,0,1,1,0,0,20240509,20240514,785
1,1,0,1,1,0,1,20240415,20240423,194
1,1,0,1,1,0,1,20240416,20240430,110
1,1,0,1,1,0,1,20240416,20240503,861
1,1,0,1,1,0,1,20240509,20240514,219
1,1,0,1,1,1,0,20240415,20240514,523
1,1,0,1,1,1,0,20240415,20240514,556
1,1,0,1,1,1,0,20240509,20240514,845
1,1,0,1,1,1,1,20240414,20240514,299
1,1,0,1,1,1,1,20240414,20240514,458
1,1,0,1,1,1,1,20240414,20240514,53
1,1,0,1,1,1,1,20240414,20240514,615
1,1,0,1,1,1,1,20240415,20240514,823
1,1,0,1,1,1,1,20240415,20240514,891
1,1,0,1,1,1,1,20240418,20240502,14
1,1,0,1,1,1,1,20240420,20240502,111
1,1,0,1,1,1,1,20240420,20240503,927
1,1,0,1,1,1,1,20240420,20240508,66
1,1,0,1,1,1,1,20240420,20240514,492
1,1,0,1,1,1,1,20240422,20240502,447
1,1,0,1,1,1,1,20240509,20240514,15
1,1,1,0,0,0,0,20240414,20240417,146
1,1,1,0,0,0,0,20240415,20240417,211
1,1,1,0,0,0,0,20240415,20240417,483
1,1,1,0,0,0,0,20240415,20240417,578
1,1,1,0,0,0,0,20240415,20240417,815
1,1,1,0,0,0,0,20240415,20240430,794
1,1,1,0,0,0,0,20240415,20240514,669
1,1,1,0,0,0,0,20240422,20240424,472
1,1,1,0,0,0,0,20240429,20240514,157
1,1,1,0,0,0,0,20240429,20240514,259
1,1,1,0,0,0,0,20240501,20240514,294
1,1,1,0,0,0,0,20240506,20240508,25
1,1,1,0,0,0,0,20240506,20240514,692
1,1,1,0,0,0,1,20240414,20240417,162
1,1,1,0,0,0,1,20240414,20240417,403
1,1,1,0,0,0,1,20240414,20240417,682
1,1,1,0,0,0,1,20240414,20240417,786
1,1,1,0,0,0,1,20240414,20240514,531
1,1,1,0,0,0,1,20240414,20240514,710
1,1,1,0,0,0,1,20240429,20240508,778
1,1,1,0,0,0,1,20240430,20240514,783
1,1,1,0,0,0,1,20240505,20240508,807
1,1,1,0,0,1,1,20240504,20240508,116
1,1,1,0,1,0,0,20240415,20240514,153
1,1,1,0,1,0,0,20240415,20240514,19
1,1,1,0,1,0,0,20240415,20240514,925
1,1,1,0,1,0,0,20240415,20240514,937
1,1,1,0,1,0,0,20240419,20240514,226
1,1,1,0,1,0,0,20240426,20240514,154
1,1,1,0,1,0,0,20240426,20240514,433
1,1,1,0,1,0,0,20240429,20240514,215
1,1,1,0,1,0,0,20240502,20240514,789
1,1,1,0,1,0,0,20240503,20240508,272
1,1,1,0,1,0,1,20240414,20240425,193
1,1,1,0,1,0,1,20240414,20240514,10
1,1,1,0,1,0,1,20240426,20240514,631
1,1,1,0,1,0,1,20240503,20240508,943
1,1,1,0,1,1,0,20240502,20240514,900
1,1,1,0,1,1,0,20240503,20240508,841
1,1,1,0,1,1,1,20240415,20240512,210
1,1,1,0,1,1,1,20240503,20240508,869
1,1,1,0,1,1,1,20240505,20240514,187
1,1,1,0,1,1,1,20240506,20240514,59
1,1,1,1,0,0,0,20240414,20240418,386
1,1,1,1,0,0,0,20240415,20240418,321
1,1,1,1,0,0,0,20240415,20240418,413
1,1,1,1,0,0,0,20240415,20240418,859
1,1,1,1,0,0,0,20240415,20240425,332
1,1,1,1,0,0,0,20240415,20240425,370
1,1,1,1,0,0,0,20240415,20240429,278
1,1,1,1,0,0,0,20240415,20240502,155
1,1,1,1,0,0,0,20240415,20240502,167
1,1,1,1,0,0,0,20240415,20240502,252
1,1,1,1,0,0,0,20240415,20240502,288
1,1,1,1,0,0,0,20240415,20240502,454
1,1,1,1,0,0,0,20240415,20240502,790
1,1,1,1,0,0,0,20240415,20240507,309
1,1,1,1,0,0,0,20240415,20240508,486
1,1,1,1,0,0,0,20240415,20240513,138
1,1,1,1,0,0,0,20240415,20240513,47
1,1,1,1,0,0,0,20240415,20240513,658
1,1,1,1,0,0,0,20240415,20240513,695
1,1,1,1,0,0,0,20240415,20240514,120
1,1,1,1,0,0,0,20240415,20240514,150
1,1,1,1,0,0,0,20240415,20240514,628
1,1,1,1,0,0,0,20240415,20240514,803
1,1,1,1,0,0,0,20240415,20240514,838
1,1,1,1,0,0,0,20240415,20240514,956
1,1,1,1,0,0,0,20240415,20240514,96
1,1,1,1,0,0,0,20240417,20240426,73
1,1,1,1,0,0,0,20240418,20240508,950
1,1,1,1,0,0,0,20240418,20240509,712
1,1,1,1,0,0,0,20240418,20240514,623
1,1,1,1,0,0,0,20240418,20240514,787
1,1,1,1,0,0,0,20240418,20240514,872
1,1,1,1,0,0,0,20240419,20240425,360
1,1,1,1,0,0,0,20240422,20240507,285
1,1,1,1,0,0,0,20240429,20240502,7
1,1,1,1,0,0,0,20240429,20240514,125
1,1,1,1,0,0,0,20240429,20240514,504
1,1,1,1,0,0,0,20240504,20240514,170
1,1,1,1,0,0,0,20240506,20240509,209
1,1,1,1,0,0,0,20240506,20240514,103
1,1,1,1,0,0,0,20240508,20240514,4
1,1,1,1,0,0,1,20240414,20240418,391
1,1,1,1,0,0,1,20240414,20240502,537
1,1,1,1,0,0,1,20240414,20240502,774
1,1,1,1,0,0,1,20240414,20240502,887
1,1,1,1,0,0,1,20240414,20240508,850
1,1,1,1,0,0,1,20240414,20240514,49
1,1,1,1,0,0,1,20240415,20240507,361
1,1,1,1,0,0,1,20240415,20240514,74
1,1,1,1,0,0,1,20240417,20240425,874
1,1,1,1,0,0,1,20240420,20240514,938
1,1,1,1,0,0,1,20240421,20240425,728
1,1,1,1,0,0,1,20240421,20240429,287
1,1,1,1,0,0,1,20240429,20240514,378
1,1,1,1,0,1,0,20240414,20240425,629
1,1,1,1,0,1,1,20240414,20240430,614
1,1,1,1,0,1,1,20240414,20240513,666
1,1,1,1,0,1,1,20240414,20240514,16
1,1,1,1,0,1,1,20240415,20240508,331
1,1,1,1,0,1,1,20240415,20240509,601
1,1,1,1,0,1,1,20240415,20240514,530
1,1,1,1,0,1,1,20240420,20240425,240
1,1,1,1,0,1,1,20240420,20240510,686
1,1,1,1,0,1,1,20240420,20240514,105
1,1,1,1,0,1,1,20240427,20240502,60
1,1,1,1,0,1,1,20240427,20240506,297
1,1,1,1,1,0,0,20240414,20240419,79
1,1,1,1,1,0,0,20240414,20240425,45
1,1,1,1,1,0,0,20240414,20240430,254
1,1,1,1,1,0,0,20240414,20240504,633
1,1,1,1,1,0,0,20240414,20240510,207
1,1,1,1,1,0,0,20240414,20240514,39
1,1,1,1,1,0,0,20240414,20240514,760
1,1,1,1,1,0,0,20240414,20240514,770
1,1,1,1,1,0,0,20240414,20240514,804
1,1,1,1,1,0,0,20240414,20240514,881
1,1,1,1,1,0,0,20240415,20240419,469
1,1,1,1,1,0,0,20240415,20240419,604
1,1,1,1,1,0,0,20240415,20240426,247
1,1,1,1,1,0,0,20240415,20240426,422
1,1,1,1,1,0,0,20240415,20240426,678
1,1,1,1,1,0,0,20240415,20240426,69
1,1,1,1,1,0,0,20240415,20240429,109
1,1,1,1,1,0,0,20240415,20240429,55
1,1,1,1,1,0,0,20240415,20240502,230
1,1,1,1,1,0,0,20240415,20240502,356
1,1,1,1,1,0,0,20240415,20240502,373
1,1,1,1,1,0,0,20240415,20240502,46
1,1,1,1,1,0,0,20240415,20240502,507
1,1,1,1,1,0,0,20240415,20240502,527
1,1,1,1,1,0,0,20240415,20240502,539
1,1,1,1,1,0,0,20240415,20240502,635
1,1,1,1,1,0,0,20240415,20240502,652
1,1,1,1,1,0,0,20240415,20240502,708
1,1,1,1,1,0,0,20240415,20240502,91
1,1,1,1,1,0,0,20240415,20240503,824
1,1,1,1,1,0,0,20240415,20240503,892
1,1,1,1,1,0,0,20240415,20240505,574
1,1,1,1,1,0,0,20240415,20240506,374
1,1,1,1,1,0,0,20240415,20240508,585
1,1,1,1,1,0,0,20240415,20240508,699
1,1,1,1,1,0,0,20240415,20240508,933
1,1,1,1,1,0,0,20240415,20240509,571
1,1,1,1,1,0,0,20240415,20240510,540
1,1,1,1,1,0,0,20240415,20240510,9
1,1,1,1,1,0,0,20240415,20240513,295
1,1,1,1,1,0,0,20240415,20240513,333
1,1,1,1,1,0,0,20240415,20240513,393
1,1,1,1,1,0,0,20240415,20240513,76
1,1,1,1,1,0,0,20240415,20240514,195
1,1,1,1,1,0,0,20240415,20240514,2
1,1,1,1,1,0,0,20240415,20240514,200
1,1,1,1,1,0,0,20240415,20240514,227
1,1,1,1,1,0,0,20240415,20240514,311
1,1,1,1,1,0,0,20240415,20240514,337
1,1,1,1,1,0,0,20240415,20240514,351
1,1,1,1,1,0,0,20240415,20240514,352
1,1,1,1,1,0,0,20240415,20240514,375
1,1,1,1,1,0,0,20240415,20240514,383
1,1,1,1,1,0,0,20240415,20240514,455
1,1,1,1,1,0,0,20240415,20240514,58
1,1,1,1,1,0,0,20240415,20240514,609
1,1,1,1,1,0,0,20240415,20240514,701
1,1,1,1,1,0,0,20240415,20240514,733
1,1,1,1,1,0,0,20240415,20240514,784
1,1,1,1,1,0,0,20240415,20240514,814
1,1,1,1,1,0,0,20240415,20240514,864
1,1,1,1,1,0,0,20240415,20240514,899
1,1,1,1,1,0,0,20240416,20240425,746
1,1,1,1,1,0,0,20240416,20240508,567
1,1,1,1,1,0,0,20240416,20240508,842
1,1,1,1,1,0,0,20240416,20240509,497
1,1,1,1,1,0,0,20240416,20240514,319
1,1,1,1,1,0,0,20240416,20240514,353
1,1,1,1,1,0,0,20240417,20240514,722
1,1,1,1,1,0,0,20240418,20240426,747
1,1,1,1,1,0,0,20240418,20240508,668
1,1,1,1,1,0,0,20240418,20240508,909
1,1,1,1,1,0,0,20240418,20240514,444
1,1,1,1,1,0,0,20240418,20240514,584
1,1,1,1,1,0,0,20240418,20240514,593
1,1,1,1,1,0,0,20240420,20240514,791
1,1,1,1,1,0,0,20240422,20240426,320
1,1,1,1,1,0,0,20240422,20240430,379
1,1,1,1,1,0,0,20240422,20240508,744
1,1,1,1,1,0,0,20240422,20240510,863
1,1,1,1,1,0,0,20240422,20240514,22
1,1,1,1,1,0,0,20240422,20240514,510
1,1,1,1,1,0,0,20240422,20240514,517
1,1,1,1,1,0,0,20240422,20240514,582
1,1,1,1,1,0,0,20240422,20240514,647
1,1,1,1,1,0,0,20240422,20240514,851
1,1,1,1,1,0,0,20240422,20240514,876
1,1,1,1,1,0,0,20240423,20240430,664
1,1,1,1,1,0,0,20240423,20240514,396
1,1,1,1,1,0,0,20240423,20240514,423
1,1,1,1,1,0,0,20240423,20240514,797
1,1,1,1,1,0,0,20240426,20240428,919
1,1,1,1,1,0,0,20240426,20240514,694
1,1,1,1,1,0,0,20240429,20240503,731
1,1,1,1,1,0,0,20240429,20240509,808
1,1,1,1,1,0,0,20240501,20240509,315
1,1,1,1,1,0,0,20240501,20240514,438
1,1,1,1,1,0,0,20240503,20240514,745
1,1,1,1,1,0,0,20240506,20240510,928
1,1,1,1,1,0,0,20240506,20240514,638
1,1,1,1,1,0,0,20240507,20240514,934
1,1,1,1,1,0,1,20240414,20240419,605
1,1,1,1,1,0,1,20240414,20240419,940
1,1,1,1,1,0,1,20240414,20240425,725
1,1,1,1,1,0,1,20240414,20240426,418
1,1,1,1,1,0,1,20240414,20240426,756
1,1,1,1,1,0,1,20240414,20240426,948
1,1,1,1,1,0,1,20240414,20240429,419
1,1,1,1,1,0,1,20240414,20240502,347
1,1,1,1,1,0,1,20240414,20240502,367
1,1,1,1,1,0,1,20240414,20240502,508
1,1,1,1,1,0,1,20240414,20240502,904
1,1,1,1,1,0,1,20240414,20240502,929
1,1,1,1,1,0,1,20240414,20240503,477
1,1,1,1,1,0,1,20240414,20240508,489
1,1,1,1,1,0,1,20240414,20240514,202
1,1,1,1,1,0,1,20240414,20240514,231
1,1,1,1,1,0,1,20240414,20240514,241
1,1,1,1,1,0,1,20240414,20240514,270
1,1,1,1,1,0,1,20240414,20240514,322
1,1,1,1,1,0,1,20240414,20240514,429
1,1,1,1,1,0,1,20240414,20240514,445
1,1,1,1,1,0,1,20240414,20240514,457
1,1,1,1,1,0,1,20240414,20240514,586
1,1,1,1,1,0,1,20240414,20240514,606
1,1,1,1,1,0,1,20240414,20240514,672
1,1,1,1,1,0,1,20240414,20240514,833
1,1,1,1,1,0,1,20240414,20240514,847
1,1,1,1,1,0,1,20240415,20240425,191
1,1,1,1,1,0,1,20240415,20240426,335
1,1,1,1,1,0,1,20240415,20240426,450
1,1,1,1,1,0,1,20240415,20240426,493
1,1,1,1,1,0,1,20240415,20240502,291
1,1,1,1,1,0,1,20240415,20240505,369
1,1,1,1,1,0,1,20240415,20240505,390
1,1,1,1,1,0,1,20240415,20240508,693
1,1,1,1,1,0,1,20240415,20240513,632
1,1,1,1,1,0,1,20240415,20240514,242
1,1,1,1,1,0,1,20240415,20240514,568
1,1,1,1,1,0,1,20240415,20240514,596
1,1,1,1,1,0,1,20240415,20240514,648
1,1,1,1,1,0,1,20240415,20240514,839
1,1,1,1,1,0,1,20240417,20240426,133
1,1,1,1,1,0,1,20240417,20240514,70
1,1,1,1,1,0,1,20240418,20240501,149
1,1,1,1,1,0,1,20240418,20240514,877
1,1,1,1,1,0,1,20240421,20240426,262
1,1,1,1,1,0,1,20240421,20240514,811
1,1,1,1,1,0,1,20240422,20240508,592
1,1,1,1,1,0,1,20240422,20240514,613
1,1,1,1,1,0,1,20240425,20240503,903
1,1,1,1,1,0,1,20240426,20240514,18
1,1,1,1,1,0,1,20240426,20240514,600
1,1,1,1,1,0,1,20240428,20240509,416
1,1,1,1,1,0,1,20240430,20240514,253
1,1,1,1,1,0,1,20240502,20240508,910
1,1,1,1,1,0,1,20240503,20240514,34
1,1,1,1,1,1,0,20240414,20240420,475
1,1,1,1,1,1,0,20240414,20240426,673
1,1,1,1,1,1,0,20240414,20240502,901
1,1,1,1,1,1,0,20240414,20240514,501
1,1,1,1,1,1,0,20240414,20240514,758
1,1,1,1,1,1,0,20240415,20240420,435
1,1,1,1,1,1,0,20240415,20240425,559
1,1,1,1,1,1,0,20240415,20240427,888
1,1,1,1,1,1,0,20240415,20240429,452
1,1,1,1,1,1,0,20240415,20240502,675
1,1,1,1,1,1,0,20240415,20240502,741
1,1,1,1,1,1,0,20240415,20240504,945
1,1,1,1,1,1,0,20240415,20240508,518
1,1,1,1,1,1,0,20240415,20240510,37
1,1,1,1,1,1,0,20240415,20240511,26
1,1,1,1,1,1,0,20240415,20240514,189
1,1,1,1,1,1,0,20240415,20240514,265
1,1,1,1,1,1,0,20240415,20240514,27
1,1,1,1,1,1,0,20240415,20240514,286
1,1,1,1,1,1,0,20240415,20240514,302
1,1,1,1,1,1,0,20240415,20240514,362
1,1,1,1,1,1,0,20240415,20240514,490
1,1,1,1,1,1,0,20240415,20240514,494
1,1,1,1,1,1,0,20240415,20240514,570
1,1,1,1,1,1,0,20240415,20240514,573
1,1,1,1,1,1,0,20240415,20240514,645
1,1,1,1,1,1,0,20240415,20240514,696
1,1,1,1,1,1,0,20240415,20240514,734
1,1,1,1,1,1,0,20240415,20240514,915
1,1,1,1,1,1,0,20240416,20240514,112
1,1,1,1,1,1,0,20240416,20240514,275
1,1,1,1,1,1,0,20240416,20240514,617
1,1,1,1,1,1,0,20240416,20240514,626
1,1,1,1,1,1,0,20240416,20240514,641
1,1,1,1,1,1,0,20240416,20240514,680
1,1,1,1,1,1,0,20240417,20240505,409
1,1,1,1,1,1,0,20240418,20240420,687
1,1,1,1,1,1,0,20240418,20240430,558
1,1,1,1,1,1,0,20240418,20240502,83
1,1,1,1,1,1,0,20240418,20240509,65
1,1,1,1,1,1,0,20240418,20240510,663
1,1,1,1,1,1,0,20240418,20240514,325
1,1,1,1,1,1,0,20240418,20240514,364
1,1,1,1,1,1,0,20240420,20240514,124
1,1,1,1,1,1,0,20240420,20240514,244
1,1,1,1,1,1,0,20240420,20240514,720
1,1,1,1,1,1,0,20240422,20240508,951
1,1,1,1,1,1,0,20240422,20240514,377
1,1,1,1,1,1,0,20240422,20240514,404
1,1,1,1,1,1,0,20240422,20240514,882
1,1,1,1,1,1,0,20240423,20240509,474
1,1,1,1,1,1,0,20240426,20240514,255
1,1,1,1,1,1,0,20240426,20240514,312
1,1,1,1,1,1,0,20240427,20240509,188
1,1,1,1,1,1,0,20240427,20240509,365
1,1,1,1,1,1,0,20240502,20240509,175
1,1,1,1,1,1,0,20240503,20240509,140
1,1,1,1,1,1,0,20240506,20240514,171
1,1,1,1,1,1,1,20240414,20240420,643
1,1,1,1,1,1,1,20240414,20240421,689
1,1,1,1,1,1,1,20240414,20240425,659
1,1,1,1,1,1,1,20240414,20240426,522
1,1,1,1,1,1,1,20240414,20240428,114
1,1,1,1,1,1,1,20240414,20240502,218
1,1,1,1,1,1,1,20240414,20240502,260
1,1,1,1,1,1,1,20240414,20240502,826
1,1,1,1,1,1,1,20240414,20240502,834
1,1,1,1,1,1,1,20240414,20240504,269
1,1,1,1,1,1,1,20240414,20240504,57
1,1,1,1,1,1,1,20240414,20240508,43
1,1,1,1,1,1,1,20240414,20240508,485
1,1,1,1,1,1,1,20240414,20240508,764
1,1,1,1,1,1,1,20240414,20240510,456
1,1,1,1,1,1,1,20240414,20240512,182
1,1,1,1,1,1,1,20240414,20240513,266
1,1,1,1,1,1,1,20240414,20240513,502
1,1,1,1,1,1,1,20240414,20240513,820
1,1,1,1,1,1,1,20240414,20240513,935
1,1,1,1,1,1,1,20240414,20240514,115
1,1,1,1,1,1,1,20240414,20240514,134
1,1,1,1,1,1,1,20240414,20240514,166
1,1,1,1,1,1,1,20240414,20240514,196
1,1,1,1,1,1,1,20240414,20240514,237
1,1,1,1,1,1,1,20240414,20240514,313
1,1,1,1,1,1,1,20240414,20240514,328
1,1,1,1,1,1,1,20240414,20240514,357
1,1,1,1,1,1,1,20240414,20240514,44
1,1,1,1,1,1,1,20240414,20240514,50
1,1,1,1,1,1,1,20240414,20240514,549
1,1,1,1,1,1,1,20240414,20240514,575
1,1,1,1,1,1,1,20240414,20240514,618
1,1,1,1,1,1,1,20240414,20240514,780
1,1,1,1,1,1,1,20240414,20240514,793
1,1,1,1,1,1,1,20240414,20240514,835
1,1,1,1,1,1,1,20240414,20240514,856
1,1,1,1,1,1,1,20240414,20240514,878
1,1,1,1,1,1,1,20240414,20240514,894
1,1,1,1,1,1,1,20240414,20240514,944
1,1,1,1,1,1,1,20240414,20240514,949
1,1,1,1,1,1,1,20240415,20240422,442
1,1,1,1,1,1,1,20240415,20240424,398
1,1,1,1,1,1,1,20240415,20240425,660
1,1,1,1,1,1,1,20240415,20240426,723
1,1,1,1,1,1,1,20240415,20240429,467
1,1,1,1,1,1,1,20240415,20240430,562
1,1,1,1,1,1,1,20240415,20240502,245
1,1,1,1,1,1,1,20240415,20240502,371
1,1,1,1,1,1,1,20240415,20240502,800
1,1,1,1,1,1,1,20240415,20240504,958
1,1,1,1,1,1,1,20240415,20240505,160
1,1,1,1,1,1,1,20240415,20240505,380
1,1,1,1,1,1,1,20240415,20240508,426
1,1,1,1,1,1,1,20240415,20240508,627
1,1,1,1,1,1,1,20240415,20240509,922
1,1,1,1,1,1,1,20240415,20240510,122
1,1,1,1,1,1,1,20240415,20240510,591
1,1,1,1,1,1,1,20240415,20240512,955
1,1,1,1,1,1,1,20240415,20240513,250
1,1,1,1,1,1,1,20240415,20240513,264
1,1,1,1,1,1,1,20240415,20240513,279
1,1,1,1,1,1,1,20240415,20240513,40
1,1,1,1,1,1,1,20240415,20240514,121
1,1,1,1,1,1,1,20240415,20240514,198
1,1,1,1,1,1,1,20240415,20240514,216
1,1,1,1,1,1,1,20240415,20240514,234
1,1,1,1,1,1,1,20240415,20240514,238
1,1,1,1,1,1,1,20240415,20240514,349
1,1,1,1,1,1,1,20240415,20240514,459
1,1,1,1,1,1,1,20240415,20240514,476
1,1,1,1,1,1,1,20240415,20240514,498
1,1,1,1,1,1,1,20240415,20240514,553
1,1,1,1,1,1,1,20240415,20240514,576
1,1,1,1,1,1,1,20240415,20240514,781
1,1,1,1,1,1,1,20240415,20240514,82
1,1,1,1,1,1,1,20240415,20240514,836
1,1,1,1,1,1,1,20240415,20240514,865
1,1,1,1,1,1,1,20240415,20240514,897
1,1,1,1,1,1,1,20240416,20240504,169
1,1,1,1,1,1,1,20240416,20240507,662
1,1,1,1,1,1,1,20240416,20240508,519
1,1,1,1,1,1,1,20240416,20240508,768
1,1,1,1,1,1,1,20240416,20240512,470
1,1,1,1,1,1,1,20240416,20240513,670
1,1,1,1,1,1,1,20240416,20240513,960
1,1,1,1,1,1,1,20240416,20240514,334
1,1,1,1,1,1,1,20240416,20240514,394
1,1,1,1,1,1,1,20240416,20240514,99
1,1,1,1,1,1,1,20240417,20240514,217
1,1,1,1,1,1,1,20240417,20240514,439
1,1,1,1,1,1,1,20240417,20240514,630
1,1,1,1,1,1,1,20240418,20240502,473
1,1,1,1,1,1,1,20240418,20240507,751
1,1,1,1,1,1,1,20240418,20240508,301
1,1,1,1,1,1,1,20240418,20240508,538
1,1,1,1,1,1,1,20240418,20240508,636
1,1,1,1,1,1,1,20240418,20240508,676
1,1,1,1,1,1,1,20240418,20240509,123
1,1,1,1,1,1,1,20240418,20240509,460
1,1,1,1,1,1,1,20240418,20240509,816
1,1,1,1,1,1,1,20240418,20240509,930
1,1,1,1,1,1,1,20240418,20240514,180
1,1,1,1,1,1,1,20240418,20240514,646
1,1,1,1,1,1,1,20240418,20240514,685
1,1,1,1,1,1,1,20240418,20240514,931
1,1,1,1,1,1,1,20240419,20240429,726
1,1,1,1,1,1,1,20240419,20240502,355
1,1,1,1,1,1,1,20240420,20240426,597
1,1,1,1,1,1,1,20240420,20240428,671
1,1,1,1,1,1,1,20240420,20240428,78
1,1,1,1,1,1,1,20240420,20240508,719
1,1,1,1,1,1,1,20240420,20240510,203
1,1,1,1,1,1,1,20240420,20240510,414
1,1,1,1,1,1,1,20240420,20240513,688
1,1,1,1,1,1,1,20240420,20240514,106
1,1,1,1,1,1,1,20240420,20240514,204
1,1,1,1,1,1,1,20240420,20240514,289
1,1,1,1,1,1,1,20240420,20240514,316
1,1,1,1,1,1,1,20240420,20240514,463
1,1,1,1,1,1,1,20240420,20240514,607
1,1,1,1,1,1,1,20240420,20240514,700
1,1,1,1,1,1,1,20240420,20240514,819
1,1,1,1,1,1,1,20240420,20240514,879
1,1,1,1,1,1,1,20240421,20240428,61
1,1,1,1,1,1,1,20240421,20240513,624
1,1,1,1,1,1,1,20240422,20240504,23
1,1,1,1,1,1,1,20240422,20240508,168
1,1,1,1,1,1,1,20240422,20240511,339
1,1,1,1,1,1,1,20240422,20240514,880
1,1,1,1,1,1,1,20240423,20240508,248
1,1,1,1,1,1,1,20240423,20240510,24
1,1,1,1,1,1,1,20240426,20240504,304
1,1,1,1,1,1,1,20240426,20240508,235
1,1,1,1,1,1,1,20240426,20240509,547
1,1,1,1,1,1,1,20240426,20240512,271
1,1,1,1,1,1,1,20240426,20240514,186
1,1,1,1,1,1,1,20240426,20240514,298
1,1,1,1,1,1,1,20240426,20240514,406
1,1,1,1,1,1,1,20240426,20240514,64
1,1,1,1,1,1,1,20240427,20240509,51
1,1,1,1,1,1,1,20240427,20240509,952
1,1,1,1,1,1,1,20240427,20240514,126
1,1,1,1,1,1,1,20240429,20240505,376
1,1,1,1,1,1,1,20240429,20240512,704
1,1,1,1,1,1,1,20240429,20240514,89
1,1,1,1,1,1,1,20240430,20240512,156
1,1,1,1,1,1,1,20240430,20240514,88
1,1,1,1,1,1,1,20240501,20240509,363
1,1,1,1,1,1,1,20240501,20240514,589
1,1,1,1,1,1,1,20240501,20240514,818
1,1,1,1,1,1,1,20240503,20240509,190
1,1,1,1,1,1,1,20240505,20240514,107
1,1,1,1,1,1,1,20240505,20240514,212
1,1,1,1,1,1,1,20240506,20240512,80
